0 12.6413
0 1.92305
1 1.64452
2 0.845287
3 0.867721
4 0.560688
5 0.638497
6 0.422453
7 0.492874
8 0.330737
9 0.391593
10 0.264951
11 0.316383
12 0.215088
13 0.258137
14 0.176014
15 0.211949
16 0.144834
17 0.17486
18 0.119716
19 0.144888
20 0.0993849
21 0.120593
22 0.0828948
23 0.100878
24 0.0695134
25 0.0848845
26 0.0586618
27 0.0719246
28 0.0498752
29 0.0614431
30 0.0427757
31 0.052986
32 0.0370532
33 0.0461786
34 0.0324507
35 0.040709
36 0.0287537
37 0.0363161
38 0.0257828
39 0.0327814
40 0.0233878
41 0.0299234
42 0.0214449
43 0.0275926
44 0.0198526
45 0.0256686
46 0.0185299
47 0.0240559
48 0.0174131
49 0.0226806
50 0.0164532
51 0.0214862
52 0.0156132
53 0.0204303
54 0.0148653
55 0.0194816
56 0.0141889
57 0.0186168
58 0.0135692
59 0.0178192
60 0.012995
61 0.0170761
62 0.0124582
63 0.0163787
64 0.011953
65 0.0157201
66 0.011475
67 0.0150954
68 0.0110208
69 0.0145007
70 0.0105879
71 0.0139331
72 0.0101744
73 0.0133905
74 0.0097788
75 0.0128708
76 0.00939981
77 0.0123727
78 0.00903639
79 0.0118949
80 0.00868767
81 0.0114363
82 0.0083529
83 0.0109959
84 0.00803139
85 0.0105729
86 0.00772254
87 0.0101665
88 0.00742577
89 0.00977594
90 0.00714059
91 0.00940062
92 0.00686651
93 0.00903988
94 0.00660306
95 0.00869313
96 0.00634983
97 0.00835981
98 0.00610639
99 0.00803939
100 0.00587237
