0 12.6413
0 30.5694
1 80.4977
2 209.932
3 549.972
4 1440.51
5 3775.13
6 9894.59
7 25936.8
8 67992
9 178244
10 467285
11 1.22505e+06
12 3.21167e+06
13 8.41995e+06
14 2.20744e+07
15 5.78721e+07
16 1.51723e+08
17 3.9777e+08
18 1.04283e+09
19 2.73398e+09
20 7.16765e+09
21 1.87914e+10
22 4.92652e+10
23 1.29158e+11
24 3.38613e+11
25 8.87741e+11
26 2.32738e+12
27 6.10169e+12
28 1.59967e+13
29 4.19386e+13
30 1.0995e+14
31 2.88255e+14
32 7.55717e+14
33 1.98126e+15
34 5.19425e+15
35 1.36177e+16
36 3.57015e+16
37 9.35984e+16
38 2.45386e+17
39 6.43328e+17
40 1.68661e+18
41 4.42177e+18
42 1.15925e+19
43 3.0392e+19
44 7.96786e+19
45 2.08893e+20
46 5.47653e+20
47 1.43578e+21
48 3.76417e+21
49 9.8685e+21
50 2.58722e+22
51 6.78289e+22
52 1.77827e+23
53 4.66207e+23
54 1.22225e+24
55 3.20437e+24
56 8.40087e+24
57 2.20245e+25
58 5.77415e+25
59 1.5138e+26
60 3.96873e+26
61 1.04048e+27
62 2.72782e+27
63 7.1515e+27
64 1.87491e+28
65 4.91543e+28
66 1.28867e+29
67 3.37851e+29
68 8.85741e+29
69 2.32214e+30
70 6.08794e+30
71 1.59607e+31
72 4.18441e+31
73 1.09702e+32
74 2.87606e+32
75 7.54015e+32
76 1.9768e+33
77 5.18255e+33
78 1.35871e+34
79 3.56211e+34
80 9.33876e+34
81 2.44834e+35
82 6.41879e+35
83 1.68281e+36
84 4.41181e+36
85 1.15664e+37
86 3.03236e+37
87 7.94992e+37
88 2.08422e+38
89 5.4642e+38
90 1.43254e+39
91 3.75569e+39
92 9.84627e+39
93 2.58139e+40
94 6.76762e+40
95 1.77426e+41
96 4.65157e+41
97 1.2195e+42
98 3.19715e+42
99 8.38195e+42
100 2.19749e+43
