0 510.391
1 144.984
2 71.0912
3 43.6789
4 29.4877
5 21.5244
6 16.653
7 13.5167
8 11.359
9 9.81528
10 8.66069
11 7.77471
12 7.07521
13 6.51341
14 6.05313
15 5.67136
16 5.34993
17 5.07678
18 4.84196
19 4.63866
20 4.46106
21 4.30508
22 4.16715
23 4.04468
24 3.93535
25 3.83743
26 3.74937
27 3.66995
28 3.59807
29 3.53287
30 3.47353
31 3.41941
32 3.3699
33 3.32452
34 3.2828
35 3.24437
36 3.20886
37 3.176
38 3.14548
39 3.11709
40 3.0906
41 3.06584
42 3.04261
43 3.02079
44 3.00023
45 2.98082
46 2.96243
47 2.94499
48 2.9284
49 2.91258
50 2.89747
51 2.88299
52 2.86911
53 2.85575
54 2.84289
55 2.83047
56 2.81846
57 2.80682
58 2.79553
59 2.78456
60 2.77387
61 2.76346
62 2.7533
63 2.74336
64 2.73364
65 2.72411
66 2.71477
67 2.7056
68 2.69659
69 2.68772
70 2.679
71 2.6704
72 2.66192
73 2.65356
74 2.64531
75 2.63715
76 2.62909
77 2.62112
78 2.61323
79 2.60542
80 2.59769
81 2.59003
82 2.58244
83 2.57492
84 2.56746
85 2.56006
86 2.55271
87 2.54542
88 2.53818
89 2.53099
90 2.52386
91 2.51676
92 2.50972
93 2.50272
94 2.49575
95 2.48884
96 2.48196
97 2.47512
98 2.46831
99 2.46155
100 2.45481
101 2.44812
102 2.44146
103 2.43483
104 2.42823
105 2.42166
106 2.41513
107 2.40862
108 2.40215
109 2.39571
110 2.38929
111 2.3829
112 2.37654
113 2.37021
114 2.3639
115 2.35762
116 2.35137
117 2.34514
118 2.33894
119 2.33276
120 2.32661
121 2.32049
122 2.31438
123 2.3083
124 2.30225
125 2.29621
126 2.2902
127 2.28422
128 2.27825
129 2.27231
