0 2.51278e+11
1 1.30615e+11
2 9.60552e+10
3 7.53279e+10
4 6.3958e+10
5 5.59484e+10
6 5.00099e+10
7 4.49945e+10
8 4.09683e+10
9 3.73762e+10
10 3.44123e+10
11 3.16911e+10
12 2.94178e+10
13 2.72908e+10
14 2.55034e+10
15 2.38062e+10
16 2.2376e+10
17 2.10006e+10
18 1.98406e+10
19 1.87115e+10
20 1.77596e+10
21 1.68221e+10
22 1.60327e+10
23 1.52461e+10
24 1.4585e+10
25 1.39184e+10
26 1.33593e+10
27 1.27889e+10
28 1.23119e+10
29 1.18193e+10
30 1.14087e+10
31 1.09795e+10
32 1.06229e+10
33 1.02459e+10
34 9.93377e+09
35 9.59992e+09
36 9.32461e+09
37 9.02682e+09
38 8.78227e+09
39 8.51485e+09
40 8.2962e+09
41 8.05459e+09
42 7.85794e+09
43 7.63843e+09
44 7.4606e+09
45 7.26017e+09
46 7.09857e+09
47 6.91474e+09
48 6.76725e+09
49 6.59796e+09
50 6.46283e+09
51 6.30637e+09
52 6.18211e+09
53 6.03704e+09
54 5.92243e+09
55 5.78753e+09
56 5.68152e+09
57 5.55574e+09
58 5.45743e+09
59 5.33988e+09
60 5.24852e+09
61 5.13843e+09
62 5.05334e+09
63 4.95003e+09
64 4.87064e+09
65 4.77352e+09
66 4.69933e+09
67 4.60788e+09
68 4.53844e+09
69 4.4522e+09
70 4.38711e+09
71 4.30567e+09
