0 2.51278e+11
1 1.30615e+11
2 9.60552e+10
3 7.53279e+10
4 6.3958e+10
5 5.59484e+10
6 5.00099e+10
7 4.49945e+10
8 4.09683e+10
9 3.73762e+10
10 3.44123e+10
11 3.16911e+10
12 2.94178e+10
13 2.72908e+10
14 2.55034e+10
15 2.38062e+10
16 2.2376e+10
17 2.10006e+10
18 1.98406e+10
19 1.87115e+10
20 1.77596e+10
21 1.68221e+10
22 1.60327e+10
23 1.52461e+10
24 1.4585e+10
25 1.39184e+10
26 1.33593e+10
27 1.27889e+10
28 1.23119e+10
29 1.18193e+10
30 1.14087e+10
31 1.09795e+10
32 1.06229e+10
33 1.02459e+10
34 9.93377e+09
35 9.59992e+09
36 9.32461e+09
37 9.02682e+09
38 8.78227e+09
39 8.51485e+09
40 8.2962e+09
41 8.05459e+09
42 7.85794e+09
43 7.63843e+09
44 7.4606e+09
45 7.26017e+09
46 7.09857e+09
47 6.91474e+09
48 6.76725e+09
49 6.59796e+09
50 6.46283e+09
51 6.30637e+09
52 6.18211e+09
53 6.03704e+09
54 5.92243e+09
55 5.78753e+09
56 5.68152e+09
57 5.55574e+09
58 5.45743e+09
59 5.33988e+09
60 5.24852e+09
61 5.13843e+09
62 5.05334e+09
63 4.95003e+09
64 4.87064e+09
65 4.77352e+09
66 4.69933e+09
67 4.60788e+09
68 4.53844e+09
69 4.4522e+09
70 4.38711e+09
71 4.30567e+09
72 4.24459e+09
73 4.16758e+09
74 4.11019e+09
75 4.03729e+09
76 3.9833e+09
77 3.91421e+09
78 3.86338e+09
79 3.79783e+09
80 3.74993e+09
81 3.68766e+09
82 3.64249e+09
83 3.58329e+09
84 3.54065e+09
85 3.48432e+09
86 3.44404e+09
87 3.3904e+09
88 3.35232e+09
89 3.30118e+09
90 3.26516e+09
91 3.21638e+09
92 3.18229e+09
93 3.13572e+09
94 3.10343e+09
95 3.05893e+09
96 3.02833e+09
97 2.98579e+09
98 2.95678e+09
99 2.91607e+09
100 2.88855e+09
101 2.84957e+09
102 2.82345e+09
103 2.7861e+09
104 2.7613e+09
105 2.72549e+09
106 2.70193e+09
107 2.66757e+09
108 2.64518e+09
109 2.6122e+09
110 2.59091e+09
111 2.55922e+09
112 2.53897e+09
113 2.50851e+09
114 2.48925e+09
115 2.45995e+09
116 2.44161e+09
117 2.41341e+09
118 2.39595e+09
119 2.36879e+09
120 2.35215e+09
121 2.32598e+09
122 2.31013e+09
123 2.2849e+09
124 2.26979e+09
125 2.24544e+09
126 2.23103e+09
127 2.20754e+09
128 2.19379e+09
129 2.1711e+09
130 2.15798e+09
131 2.13605e+09
132 2.12353e+09
133 2.10232e+09
134 2.09037e+09
135 2.06985e+09
136 2.05843e+09
137 2.03857e+09
138 2.02766e+09
139 2.00843e+09
140 1.998e+09
141 1.97936e+09
142 1.9694e+09
143 1.95132e+09
144 1.94179e+09
145 1.92426e+09
146 1.91515e+09
147 1.89813e+09
148 1.88941e+09
149 1.87289e+09
150 1.86454e+09
151 1.84849e+09
152 1.8405e+09
153 1.82489e+09
154 1.81725e+09
155 1.80207e+09
156 1.79474e+09
157 1.77998e+09
158 1.77296e+09
159 1.75858e+09
160 1.75186e+09
161 1.73786e+09
162 1.73141e+09
163 1.71777e+09
164 1.71159e+09
165 1.69829e+09
166 1.69237e+09
167 1.6794e+09
168 1.67371e+09
169 1.66106e+09
170 1.65561e+09
171 1.64325e+09
172 1.63802e+09
173 1.62596e+09
174 1.62094e+09
175 1.60915e+09
176 1.60434e+09
177 1.59282e+09
178 1.58819e+09
179 1.57693e+09
180 1.57248e+09
181 1.56147e+09
182 1.5572e+09
183 1.54642e+09
184 1.54232e+09
185 1.53177e+09
186 1.52783e+09
187 1.51749e+09
188 1.51371e+09
189 1.50358e+09
190 1.49995e+09
191 1.49003e+09
192 1.48653e+09
193 1.4768e+09
194 1.47344e+09
195 1.4639e+09
196 1.46067e+09
197 1.45131e+09
198 1.44821e+09
199 1.43902e+09
200 1.43604e+09
201 1.42702e+09
202 1.42415e+09
203 1.41529e+09
204 1.41253e+09
205 1.40383e+09
206 1.40118e+09
207 1.39263e+09
208 1.39007e+09
209 1.38167e+09
210 1.37921e+09
211 1.37095e+09
212 1.36859e+09
213 1.36046e+09
214 1.35819e+09
215 1.3502e+09
216 1.34801e+09
217 1.34015e+09
218 1.33804e+09
219 1.3303e+09
220 1.32828e+09
221 1.32066e+09
222 1.31871e+09
223 1.3112e+09
224 1.30933e+09
225 1.30194e+09
226 1.30014e+09
227 1.29285e+09
228 1.29112e+09
229 1.28394e+09
230 1.28228e+09
231 1.2752e+09
232 1.2736e+09
233 1.26662e+09
234 1.26508e+09
235 1.2582e+09
236 1.25672e+09
237 1.24993e+09
238 1.24851e+09
239 1.24181e+09
240 1.24045e+09
241 1.23384e+09
242 1.23253e+09
243 1.226e+09
244 1.22474e+09
245 1.2183e+09
246 1.21709e+09
247 1.21074e+09
248 1.20957e+09
249 1.20329e+09
250 1.20218e+09
251 1.19598e+09
252 1.1949e+09
253 1.18878e+09
254 1.18775e+09
255 1.1817e+09
256 1.18071e+09
257 1.17473e+09
258 1.17378e+09
259 1.16787e+09
260 1.16697e+09
261 1.16112e+09
262 1.16025e+09
263 1.15448e+09
264 1.15365e+09
265 1.14793e+09
266 1.14714e+09
267 1.14149e+09
268 1.14073e+09
269 1.13514e+09
270 1.13441e+09
271 1.12888e+09
272 1.12819e+09
273 1.12272e+09
274 1.12205e+09
275 1.11664e+09
276 1.11601e+09
277 1.11065e+09
278 1.11005e+09
279 1.10474e+09
280 1.10417e+09
281 1.09892e+09
282 1.09837e+09
283 1.09318e+09
284 1.09266e+09
285 1.08751e+09
286 1.08702e+09
287 1.08192e+09
288 1.08145e+09
289 1.07641e+09
290 1.07596e+09
291 1.07096e+09
292 1.07055e+09
293 1.06559e+09
294 1.0652e+09
295 1.06029e+09
296 1.05992e+09
297 1.05505e+09
298 1.05471e+09
299 1.04989e+09
300 1.04956e+09
