1  9570.98
2  2348.28
3  1498.2
4  1198.86
5  945.727
6  898.28
7  744.373
8  709.356
9  687.973
10  619.308
11  611.509
12  565.25
13  550.343
14  542.807
15  537.612
16  497.222
17  498.778
18  489.651
19  487.41
20  473.875
21  471.161
22  469.753
23  445.015
24  444.096
25  442.674
26  430.361
27  429.352
28  426.575
29  425.289
30  422.621
31  419.958
32  419.121
33  418.5
34  413.252
35  411.923
36  410.687
37  409.885
38  405.988
39  404.197
40  403.399
41  399.219
42  397.722
43  396.179
44  394.656
45  389.744
46  389.33
47  383.723
48  382.822
49  382.623
50  381.62
51  374.838
52  374.399
53  372.917
54  370.923
55  370.665
56  369.069
57  364.19
58  363.487
59  363.077
60  362.427
61  360.511
62  359.597
63  358.795
64  358.487
65  356.674
66  356.221
67  354.917
68  354.127
69  353.453
70  350.391
71  349.988
72  329.401
73  329.253
74  328.776
75  328.26
76  327.968
77  326.836
78  326.599
79  314.25
80  314.138
81  312.862
82  312.724
83  311.055
84  311.019
85  310.561
86  310.439
87  308.565
88  308.424
89  308.227
90  308.115
91  307.944
92  306.802
93  306.243
94  306.101
95  305.96
96  305.743
97  293.874
98  293.89
99  293.61
100  293.539
101  293.426
102  292.668
103  292.231
104  292.118
105  292.035
106  291.991
107  291.923
108  291.755
109  284.074
110  283.855
